EXAMPLE 4-4                                                                     
  7
  1  1  0 R 0.5         2.        1.        5.                  
  2  2  0 R 0.2         7.                                      
  3  3  0VC 4.         6 -1.      -1.                           
  4  1  2VC 8.         6                                        
  5  1  2 R 0.1                                                 
  6  2  3 C 3.                              -6.                 
  7  1  3 L 2.                                                  
1.          
